0
0
0
0
0
0
0
0
0
0
0
0
0
0
0
0
0
0
0
0
0
0
0
0
0
0
0
0
0
0
0
0
0
0
0
0
0
0
0
0
0
0
0
0
0
0
0
0
0
0
0
0
0
0
0
0
0
0
0
0
0
0
0
0
0
0
8.01461864276226
31.9783240244172
55.8090405756645
79.4904359137522
103.006279993227
126.340456229199
149.476972542845
172.399972321578
195.093745286379
217.542738258836
239.73156582052
261.645020857377
283.268084981924
304.585938826107
325.583972197753
346.247794093663
366.563242562492
386.516394410637
406.093574744504
425.281366342594
444.066618850998
462.436457795989
480.378293407552
497.879829247769
514.929070638199
531.514332880421
547.624249264147
563.247778857395
578.374214073396
592.993188009033
607.094681549806
620.669030236428
633.706930888361
646.199447979758
269.81785477616
383.662424040424
586.264714762418
655.904782892984
592.483189685243
385.690668816161
510.809590671573
556.940248788945
556.77139335415
401.097266623705
683.573703786157
744.894379772225
466.997157818949
643.526500520117
673.411221747237
447.522733173584
454.802872366141
448.458188903208
600.85716611843
504.344022425332
734.994053191611
387.765531103984
537.525085066736
594.518218965226
624.446835678015
406.856583680177
360.624018940527
513.038439626825
434.002773241881
664.318026006715
611.104448003393
528.345903410123
420.263856092466
542.973516286791
389.784478695533
460.00272019103
358.157303507309
300.432745167091
313.798937533255
490.29726676165
255.607650112566
464.121631261828
557.944213254338
475.026131433583
331.117461321035
208.398239650985
390.0525264415
253.319325989126
297.023723651668
497.879829247769
480.378293407552
462.43645779599
444.066618850997
425.281366342594
406.093574744504
386.516394410637
366.563242562492
346.247794093664
325.583972197753
304.585938826108
283.268084981924
261.645020857377
239.731565820521
217.542738258838
195.093745286379
172.399972321578
149.476972542845
126.3404562292
103.006279993227
79.4904359137526
55.8090405756657
31.9783240244177
8.0146186427627
0
0
0
0
0
0
0
0
0
0
0
0
0
0
0
0
0
0
0
0
0
0
0
0
0
0
0
0
0
0
0
0
0
0
0
0
0
0
0
0
0
0
0
0
0
0
0
0
0
0
0
0
0
0
0
0
0
0
0
0
0
0
0
0
0
0
0
0
0
0
0
0
0
0
0
0
0
0
0
0
0
0
0
0
0
0
0
0
0
0
0
0
0
0
0
0
0
0
0
0
0
0
0
0
0
0
0
0
0
0
0
0
0
0
0
0
0
0
0
0
0
0
0
0
0
0
0
0
0
0
0
0
0
8.01461864276285
31.9783240244162
55.8090405756643
79.490435913752
103.006279993227
126.340456229199
149.476972542845
172.399972321578
195.093745286379
217.542738258837
239.731565820521
261.645020857377
283.268084981923
304.585938826107
325.583972197753
346.247794093663
366.563242562492
386.516394410636
406.093574744503
425.281366342594
444.066618850997
462.436457795988
480.378293407551
497.879829247768
514.929070638199
531.514332880422
547.624249264147
563.247778857396
578.374214073395
592.993188009033
607.094681549806
620.669030236427
633.70693088836
646.199447979758
658.138019763417
669.514464138586
680.320984258555
690.55017387423
700.19502241001
709.248919768477
717.705660860636
725.559449858565
732.80490416759
739.437058115247
745.451366354505
750.843706978915
755.610384347569
759.748131617898
763.254112984608
766.1259256232
768.361601336739
769.959607904767
770.918850133404
771.238670605942
770.918850133404
769.959607904767
768.361601336739
766.125925623199
763.254112984608
759.748131617898
755.610384347569
750.843706978915
745.451366354505
739.437058115248
732.804904167591
725.559449858565
717.705660860636
709.248919768477
700.195022410009
690.55017387423
680.320984258556
669.514464138587
658.138019763419
646.199447979757
633.706930888362
620.669030236428
607.094681549807
592.993188009034
578.374214073396
563.247778857396
547.624249264147
531.514332880423
514.929070638199
497.87982924777
480.378293407551
462.43645779599
444.066618850998
425.281366342594
406.093574744504
386.516394410637
366.563242562492
346.247794093664
325.583972197754
304.585938826108
283.268084981925
261.645020857377
239.731565820522
217.542738258838
195.09374528638
172.399972321579
149.476972542844
126.3404562292
103.006279993228
79.4904359137529
55.8090405756651
31.9783240244187
8.01461864276213
0
0
0
0
0
0
0
0
0
0
0
0
0
0
0
0
0
0
0
0
0
0
0
0
0
0
0
0
0
0
0
0
0
0
0
0
0
0
0
0
0
0
0
0
0
0
0
0
0
0
0
0
0
0
0
0
0
0
0
0
0
0
0
0
0
0
0
0
0
0
0
0
0
0
0
0
0
0
0
0
0
0
0
0
0
0
0
0
0
0
0
0
0
0
0
0
0
0
0
0
0
0
0
0
0
0
0
0
0
0
0
0
0
0
0
0
0
0
0
0
0
0
0
0
0
0
0
0
0
0
0
0
0
8.01461864276099
31.978324024416
55.809040575664
79.4904359137517
103.006279993226
126.340456229199
149.476972542842
172.399972321578
195.093745286379
217.542738258837
239.731565820521
261.645020857377
283.268084981924
304.585938826108
325.583972197751
346.247794093664
366.56324256249
386.516394410638
406.093574744502
425.281366342595
444.066618850996
462.436457795991
480.37829340755
497.87982924777
514.929070638198
531.514332880423
547.624249264147
563.247778857395
578.374214073395
592.993188009033
607.094681549806
620.669030236427
633.706930888361
646.199447979756
658.138019763418
669.514464138585
680.320984258555
690.550173874229
700.19502241001
709.248919768476
717.705660860636
725.559449858564
732.804904167591
739.437058115247
745.451366354505
750.843706978915
755.610384347568
759.748131617898
763.254112984608
766.125925623199
768.361601336739
769.959607904767
770.918850133404
771.238670605942
770.918850133404
769.959607904767
768.361601336739
766.1259256232
763.254112984608
759.748131617898
755.610384347569
750.843706978915
745.451366354505
739.437058115248
732.804904167591
725.559449858564
717.705660860636
709.248919768477
700.19502241001
690.550173874231
680.320984258556
669.514464138588
658.138019763419
646.199447979758
633.706930888362
620.669030236428
607.094681549807
592.993188009034
578.374214073396
563.247778857396
547.624249264148
531.514332880422
514.929070638199
497.879829247769
480.378293407551
462.436457795989
444.066618850997
425.281366342593
406.093574744506
386.516394410636
366.563242562494
346.247794093666
325.583972197755
304.585938826109
283.268084981923
261.645020857378
239.731565820522
217.542738258838
195.09374528638
172.399972321579
149.476972542846
126.3404562292
103.006279993228
79.4904359137531
55.8090405756654
31.9783240244173
8.01461864276233
0
0
0
0
0
0
0
0
0
0
0
0
0
0
0
0
0
0
0
0
0
0
0
0
0
0
0
0
0
0
0
0
0
0
0
0
0
0
0
0
0
0
0
0
0
0
0
0
0
0
0
0
0
0
0
0
0
0
0
0
0
0
0
0
0
0
0
