7.43040261648113
6.50445909409648
8.80265217942632
8.87494536068984
6.52186541431901
11.0421460833527
9.68961870425261
8.29032977092601
8.18934347383287
7.97682116942947
10.9384907576581
9.91550027446428
6.59087847071424
10.0078321665887
9.75374525091993
12.1094444175258
9.19419387423548
10.6179267711433
11.6766298566314
7.07721941942333
11.5950515712712
10.9552686126744
8.11360696776026
8.85526608006082
12.5944746204297
9.10216380297638
7.21426065479131
10.128125107169
12.4373576831109
7.81872660704091
6.68994298942095
10.3371730292953
12.1214367900368
6.27669935486236
7.9682859591849
11.181698382109
11.2957525132033
8.68075440770851
11.1904384503546
9.55308524459894
11.4443195253353
9.00609740841325
9.14735010113775
8.21693171438967
9.89355416200594
6.39566141425414
9.29424522943438
8.59630911057124
9.51860993663085
8.35705647766183
8.90668370738199
7.37231799693033
11.867626683077
8.17207670683454
8.80345989804967
8.92433649057265
10.7444730135678
10.8148634648248
6.29492652244015
8.06857293351786
11.4266012307251
10.595737154222
9.10598056320435
9.18786551841369
10.1126490252162
8.8991048721965
12.2600619650709
8.51446542726364
8.18481548086516
11.0721270226066
11.8951571969664
6.95335785734993
9.48662849980368
7.66977548046928
8.81123852738552
6.2331787325539
7.37859643221303
9.359741990655
11.1352606309772
8.27179659925777
7.26538388514117
7.88900847496757
7.08262179721883
8.66680554031305
9.29547512126019
9.96722916506834
11.7996371122203
10.0021011076159
12.6612180943754
6.86040630637797
9.68879098538417
12.4708274686762
7.41263177853282
7.42525447165253
8.60930864508186
7.39159065474366
11.3445604694135
8.05294081863648
13.1235814127578
8.84468908625233
11.0141172912952
9.63703803805774
10.979614904517
10.938100835322
9.24796426662757
10.8118446947665
10.0178776295868
7.77489944484951
8.32633983695182
11.7125633925835
11.514153428437
7.26464907414388
10.4400401029775
11.280878744564
11.2476422998299
10.6399650581038
12.3611643053905
11.6781803506752
6.66804379754859
9.30416820022769
7.13056808849373
11.7359226407855
9.99215112685189
9.1130879019076
12.6819239299793
7.48931748951083
10.0347193210058
11.4842553354113
9.70552248632179
7.08646902472739
10.5253640251513
8.9887734508795
10.9452575884638
12.5389158981916
10.5833690998384
9.50729034826802
12.4912025689787
7.92997694426173
8.89266143707842
7.50134121253614
7.29217028389972
12.4105902904899
9.84699170358268
10.3865685205066
8.72639928137209
9.30948220773361
10.1880499520372
9.98301894091897
9.16392113021863
9.74973737634299
12.5261758312637
12.1838979330719
10.4366549409717
9.1136671227779
6.95030048269209
12.3634129070486
7.87250018713029
11.5949168609956
12.8383580328733
7.28885918285705
11.5904282708055
9.18707973866582
11.6164561256632
8.10940604793229
10.8955632580001
10.7411106827331
12.5813038340686
9.81801300470414
13.2571586431184
8.09576314425642
8.59238332327679
9.76518883634866
11.3399661879803
10.0684766698028
12.5393504964438
10.0761413078617
12.6279586334186
8.07746377943588
12.0460364163309
7.66291752030007
12.1071208341287
11.7553963120006
7.38722726997437
8.45433687166959
11.021930300114
9.5772665997231
9.38907171826062
8.38545870360264
10.1291148534602
7.07471999035461
10.6166042050529
10.6526005494871
8.17419948958204
11.3580627072932
7.00837817174991
11.3597219292113
9.39398272046977
10.8321472546457
8.12205850322095
9.19822113772123
7.52501095832903
9.58142126047028
7.51565191299824
9.09957140006963
8.32740898504392
10.2856513480615
8.94653818730491
10.2701832858934
9.41484457064434
9.57417448132508
11.8475363138868
12.6914412468171
7.00421403107113
10.0662238032343
8.65220811824575
9.50288688508268
11.9732581759637
10.8636832566033
12.1694769897229
12.6466036725832
9.81768805177739
11.2754132882592
9.34222305864413
11.708401819971
10.2811234940309
6.95611644262635
8.13088119843579
9.41912202207731
10.4845551566361
9.63021667745561
11.4184425716512
7.7063007923933
12.6115079273719
10.5711015743084
10.3162401646321
11.2815607814878
8.98450846694835
10.5202495273624
10.8835108548099
9.30539817665262
10.3295792075318
7.12019697794484
7.42813189103834
10.499862718497
8.41542588040096
11.7293083724431
12.2768976242167
8.03951155372688
7.44788844827645
11.9132330020754
9.49376080932327
7.73472658067699
11.5959028435
10.4690229114584
12.1893174514497
10.0192710279571
7.12851659125479
11.1583964845156
6.47443937048471
11.3116063547992
11.4847600800445
6.77535129670303
12.5527578686989
10.5742468305194
7.61558894796727
12.7708444962584
8.74687921033722
11.7813299097599
9.96393902568617
8.12869010129203
12.2365718975384
10.9140935030208
7.52026237173548
11.1256937590233
12.3486210440944
11.3206851548232
12.3468122448861
9.8908784668691
7.02240801607094
9.86773907879573
8.63325712966032
7.13654444534567
11.4879579820878
11.0247503105337
10.2555154898676
7.16802877122931
6.62746176278407
6.25204350132749
11.8270095344957
9.53128425262671
10.2958473526916
8.96241847865578
11.1841632992891
7.45387191212319
10.6704030789868
10.1585278352579
8.1722528683737
8.65882609926718
12.4095359755219
7.74381800032246
11.8081163296707
11.25376437505
9.01808352532345
11.8364849514634
8.71534496308097
10.7892679575738
8.20921554528864
9.80017008906757
11.831266076334
7.12932276945644
8.08844119298493
11.3416151358714
9.65034061809083
9.01410315659143
12.9356067894558
10.6425243778503
12.0569920577982
8.95997384032093
11.5907882566735
8.55631079540935
6.83771424621124
10.0062450459241
6.63389913700728
11.0500600295149
11.8630967622083
10.7997002785684
8.42848954696212
9.56754145067099
8.13267185171278
11.792150055699
10.3073864225007
7.00463281272351
7.95060721046656
8.26769343817314
11.4204773660409
9.38791741688853
9.25316131277026
9.44014766957993
11.5932869405479
6.8688631071919
8.09622824508581
9.97211880529383
9.91086009328957
9.86553389397747
7.26927901487408
9.68062491047042
7.62567093664519
6.54264165154632
7.14370606073256
9.45282249949761
8.2003475450443
9.88597591696059
7.72744000458693
6.81411556980439
8.36709686177219
7.26797287509062
6.78580989214454
7.03186570504162
11.7227357648399
9.49351259674994
6.42429913217727
5.9118440758734
7.22859070461126
8.28714653689396
9.47914099938271
7.51978661874893
9.61249187099117
6.08655798232215
7.15954863483066
8.2468984857783
9.38110702236007
6.06424665598402
9.79547431242797
6.57243171560316
5.1896397497649
8.31540230483934
8.59651330753991
9.11976300561187
6.44824945964739
5.24304512411556
5.45548354966597
4.95881001889122
9.25361716769593
4.99619769973278
7.44274385804364
7.96449700683835
7.30740683075068
7.9834069078758
8.91541583568834
9.44580013429634
8.74582297534381
5.10404667270591
7.82452072848888
4.88086403826405
5.44231414844861
8.78070732822712
4.9536818400158
7.58733009446872
6.38248481557625
9.74106284825414
7.46146690687
8.03413773658599
6.1962610362147
5.75484574631667
5.93657129305912
5.88206089438189
7.7770660147961
5.51883707619037
5.28857704748397
5.22875901992624
7.19468058164071
7.99707464081812
9.25862280135681
7.12737369074037
10.0847310914234
6.91390198232146
6.07331024068583
7.05233335648226
8.78357455858071
7.28961612075796
5.63443886812706
4.45282772991035
7.49707155372499
8.89168261478041
7.07863718763499
7.3880246609783
6.01148761528194
5.80477649859788
6.54193840481121
9.53408790080905
5.74794966358516
7.93643134609361
5.11446246817474
6.29584756221608
8.55762263779114
8.47578313966977
7.23150331877217
7.54742188154605
5.70875841216687
7.47432742845458
4.41003809357301
6.10565154803762
7.08190132180036
7.01947311196918
5.49581014432325
7.20486633155103
8.57664141887964
6.34602341414382
9.84965654201183
5.16135493550285
7.22556081176177
8.96336159761077
7.4579553552037
5.70895390473548
7.91583473471148
8.02499235918488
8.83684559162784
9.10255859465382
8.75742380138487
7.74558955592763
9.08577564232468
4.54515638175105
6.64491483914505
5.02052365966609
8.23474767088177
4.8158490544935
8.2823763805875
8.21592851904563
5.38087059636572
4.95928150209622
9.41988810126834
7.03329928860273
6.28982575983588
4.77264697951502
5.25123497706109
8.68460958542216
7.79244814012057
9.0857225283621
7.60621396105364
7.81357940711559
7.46300900583838
7.58263612315859
7.55534049526611
4.25215464160961
7.30704708193328
7.76661473269889
6.7312472622978
6.46576957116616
8.17014930424768
4.33803746021825
6.9263927524555
4.39507946266697
6.93397718690585
6.92964661785021
7.00034052346055
7.09531974285392
7.40870544736638
5.35987444295359
6.85225364427891
5.67560316800118
7.47935329948368
6.23197181280493
5.82828183459809
7.11740011057239
8.85733519137836
9.32259555307836
9.53833423328786
9.4123211671861
7.28422859807588
8.640119986881
5.56289813326704
7.69393578072987
6.4548591308224
5.89443314780931
8.55090618896598
8.31664453847222
9.11646675752569
5.77439433243762
6.28663379204771
9.59472073899958
9.123165601964
6.81530227796477
8.23764766758143
8.55400922732218
8.63106477260665
4.14163969295337
6.09804532834279
4.24145891909581
6.58354873223599
7.01120690112503
9.07484093304431
5.36365331083729
6.68348691146416
6.52979161433832
7.71659328661569
9.37550992895256
9.4870480408035
6.11369407600401
7.9687773414654
6.2974083223943
8.07498422339592
4.57201682197345
6.11538389901886
6.04016772981294
8.68306304393979
9.32088948304547
6.72686893863942
7.84554978265071
8.48188921799841
7.84016288991805
7.7605972529013
7.72008739389196
7.16973406422926
4.40412863635793
7.20124874873841
8.46979020603051
7.21438544922847
4.87480792422779
9.05352497228579
8.579155759995
6.90840825075053
4.8487400444528
5.80048450411254
7.88629672507699
6.82204422968172
8.9371652310576
5.10120345823294
6.39175073322913
9.49981847784989
5.76628481618029
8.06237647454844
8.84269635612558
9.50112986007085
7.13094175812267
8.8975418353263
8.9878856671025
6.97058353055403
7.02477784853031
8.53750044818358
6.42851058524332
7.05198989118522
5.18107013116446
6.21094066219384
7.14934078423437
6.7898649802069
7.07745700562854
5.52628238690627
6.33164593700186
5.52821772948592
5.94894171185329
8.79735977723782
7.96892640613281
8.78515374200719
5.6523488946408
8.17383690282126
7.78263306873277
9.51090542076159
7.77151482443606
5.05377134317663
7.9402825382215
6.29885286263284
6.64106866351516
7.35202693911124
8.5478422303023
5.89483295117075
8.83917571627233
7.42979568564035
5.56891491695641
5.85203689948951
7.55067066610871
8.91365775316732
8.4605245257651
8.93107273989468
6.77009042157867
4.22785251561883
5.20321452378203
6.1130885197323
5.26890345760964
8.57755117065789
5.61964672818133
9.17600670217442
5.3870612750604
6.47762780499712
7.16867511702627
6.04298977551424
6.13812838611896
7.97857108202658
4.18192586865857
5.45736934128693
5.13497950330605
8.43896812307535
7.97803606905071
8.00056619619716
8.37186784074094
5.54829391134824
7.03665828855124
6.30959731899709
6.38735107809793
4.51637342643941
9.02663807970857
6.96825573835119
7.18782607479423
8.73333038913048
8.39164457297414
4.62490875318599
7.46310231731848
9.5516245772186
8.29207036014354
8.26965730671014
5.83221496779888
9.01176229751132
9.04523546580025
7.33187998238771
7.73990500883508
8.68566456485851
8.03549190098069
9.3740609820943
4.9423603586357
9.69096389418708
6.72852630369048
8.07165286674034
9.41282725868603
5.43386158899676
7.6654921334877
8.89129135542945
8.58722525195364
7.48048189369628
9.69648974382751
8.19642898347711
4.82514883626447
6.59723302176481
6.16390323913287
6.35306730585487
6.82928355957792
6.96514838170325
7.04539809665665
7.36231570211687
8.75925760071831
6.25771448719027
5.86559028736426
9.77934864892028
8.98334837106029
9.35994409605362
4.95015185002838
7.02839083310068
5.31808324815486
5.74666113803419
6.23088271302241
8.50630743301894
9.2341416075453
8.840325709652
7.85275179947649
7.52125781903208
6.67569860962958
7.89773254344571
9.32183452911046
7.87602202418182
8.19493800685875
8.95599307970567
7.9067681428245
9.13201992617705
7.19384816090663
5.82440932871487
5.78875299150854
6.08317624663594
8.66456268763934
5.72237393323053
8.44102875718356
5.63334711290163
9.2373248867714
8.64205302382346
9.01727980667312
6.02909700068833
6.20315460225913
9.1437210328838
9.73763684199506
8.92324409712099
7.08815401479482
5.73088003977693
9.68856618578753
